+0.945022925310054  0.015338019       15.338 100 100 100
+1.191360817253026  0.014675604       14.676 100 100 100
+1.184568697939539  0.014012868       14.013 100 100 100
+1.437763455683713  0.013948203       13.948 100 100 100
+1.463043183363640  0.013567990       13.568 100 100 100
+1.740140421390756  0.013652044       13.652 100 100 100
+1.793600559822490  0.014076429       14.076 100 100 100
+2.106274827102638  0.014081795       14.082 100 100 100
+2.188698441105963  0.014273354       14.273 100 100 100
+2.547775111105632  0.014202908       14.203 100 100 100
