+0.945022925310054  0.036303714       36.304 100 100 100
+1.191360817253026  0.037056311       37.056 100 100 100
+1.184568697939539  0.044336962       44.337 100 100 100
+1.437763455683713  0.033734967       33.735 100 100 100
+1.463043183363640  0.034179478       34.179 100 100 100
+1.740140421390756  0.033724686       33.725 100 100 100
+1.793600559822490  0.033716120       33.716 100 100 100
+2.106274827102638  0.033660943       33.661 100 100 100
+2.188698441105963  0.033902748       33.903 100 100 100
+2.547775111105632  0.033645095       33.645 100 100 100
+2.662159350084726  0.033693028       33.693 100 100 100
+3.079372051869594  0.033665436       33.665 100 100 100
+3.230221458069041  0.033874944       33.875 100 100 100
+3.719098078992682  0.033641396       33.641 100 100 100
+3.912282018453644  0.033640390       33.640 100 100 100
+4.488812958067049  0.033921299       33.921 100 100 100
+4.731624992189214  0.033708038       33.708 100 100 100
+5.414932914636125  0.033617637       33.618 100 100 100
+5.716241156743004  0.033720294       33.720 100 100 100
+6.529342354843704  0.033925225       33.925 100 100 100
