+0.945022925310054  0.020115661       20.116 100 100 100
+1.191360817253026  0.017501345       17.501 100 100 100
+1.184568697939539  0.017732184       17.732 100 100 100
+1.437763455683713  0.018170089       18.170 100 100 100
+1.463043183363640  0.017117056       17.117 100 100 100
+1.740140421390756  0.017062166       17.062 100 100 100
+1.793600559822490  0.017087544       17.088 100 100 100
+2.106274827102638  0.017090499       17.090 100 100 100
+2.188698441105963  0.017140025       17.140 100 100 100
+2.547775111105632  0.017092571       17.093 100 100 100
+2.662159350084726  0.017368100       17.368 100 100 100
+3.079372051869594  0.017103096       17.103 100 100 100
+3.230221458069041  0.017116394       17.116 100 100 100
+3.719098078992682  0.017112174       17.112 100 100 100
+3.912282018453644  0.017120674       17.121 100 100 100
+4.488812958067049  0.017084249       17.084 100 100 100
+4.731624992189214  0.017071056       17.071 100 100 100
+5.414932914636125  0.017406251       17.406 100 100 100
+5.716241156743004  0.017177792       17.178 100 100 100
+6.529342354843704  0.017055906       17.056 100 100 100
+6.899795790728082  0.017146849       17.147 100 100 100
+7.870506892929298  0.017069921       17.070 100 100 100
+8.322786556907973  0.017161310       17.161 100 100 100
+9.484823448055938  0.017077751       17.078 100 100 100
+10.033935012275968  0.017379066       17.379 100 100 100
+11.428254910010478  0.017129746       17.130 100 100 100
+12.091861269928131  0.017119110       17.119 100 100 100
+13.768308403341305  0.017109942       17.110 100 100 100
+14.567100450462160  0.017074687       17.075 100 100 100
+16.586429319724598  0.017104540       17.105 100 100 100
+17.544531189146426  0.017070334       17.070 100 100 100
+19.980898981498314  0.017395343       17.395 100 100 100
+21.126300729816894  0.017070611       17.071 100 100 100
+24.070342807522774  0.017095679       17.096 100 100 100
+25.435348432809384  0.016832267       16.832 100 100 100
+28.997978982536214  0.016683352       16.683 100 100 100
+30.619650419558642  0.016389880       16.390 100 100 100
+34.936765829320912  0.016176984       16.177 100 100 100
+36.857333288836770  0.016055900       16.056 100 100 100
+42.095640496309720  0.016170898       16.171 100 100 100
