+0.945022925310054  0.013654040       13.654 100 100 100
+1.191360817253026  0.015828707       15.829 100 100 100
+1.184568697939539  0.012162736       12.163 100 100 100
+1.437763455683713  0.011123608       11.124 100 100 100
+1.463043183363640  0.009793858        9.794 100 100 100
+1.740140421390756  0.010021968       10.022 100 100 100
+1.793600559822490  0.009421916        9.422 100 100 100
+2.106274827102638  0.009270909        9.271 100 100 100
+2.188698441105963  0.009659166        9.659 100 100 100
+2.547775111105632  0.009884489        9.884 100 100 100
