+0.945022925310054  0.031601618       31.602 100 100 100
+1.191360817253026  0.028391542       28.392 100 100 100
+1.184568697939539  0.028214797       28.215 100 100 100
+1.437763455683713  0.029530947       29.531 100 100 100
+1.463043183363640  0.030551633       30.552 100 100 100
+1.740140421390756  0.030267050       30.267 100 100 100
+1.793600559822490  0.030301328       30.301 100 100 100
+2.106274827102638  0.029026832       29.027 100 100 100
+2.188698441105963  0.027514844       27.515 100 100 100
+2.547775111105632  0.027641088       27.641 100 100 100
+2.662159350084726  0.027492413       27.492 100 100 100
+3.079372051869594  0.027863575       27.864 100 100 100
+3.230221458069041  0.027549631       27.550 100 100 100
+3.719098078992682  0.027534998       27.535 100 100 100
+3.912282018453644  0.027530104       27.530 100 100 100
+4.488812958067049  0.027567497       27.567 100 100 100
+4.731624992189214  0.027774014       27.774 100 100 100
+5.414932914636125  0.027575536       27.576 100 100 100
+5.716241156743004  0.027508517       27.509 100 100 100
+6.529342354843704  0.027554989       27.555 100 100 100
