+0.945022925310054  0.030112968       30.113 100 100 100
+1.191360817253026  0.028796867       28.797 100 100 100
+1.184568697939539  0.025304734       25.305 100 100 100
+1.437763455683713  0.024893903       24.894 100 100 100
+1.463043183363640  0.024917659       24.918 100 100 100
+1.740140421390756  0.024374886       24.375 100 100 100
+1.793600559822490  0.024381040       24.381 100 100 100
+2.106274827102638  0.024351601       24.352 100 100 100
+2.188698441105963  0.022433620       22.434 100 100 100
+2.547775111105632  0.022039550       22.040 100 100 100
