+0.945022925310054  0.019348353       19.348 100 100 100
+1.191360817252216  0.016362925       16.363 100 100 100
+1.184568697946104  0.018637148       18.637 100 100 100
+1.437763455676182  0.015935871       15.936 100 100 100
+1.463043183377321  0.015852887       15.853 100 100 100
+1.740140421376053  0.015958398       15.958 100 100 100
+1.793600559843358  0.015933412       15.933 100 100 100
+2.106274827080719  0.015896635       15.897 100 100 100
+2.188698441133624  0.015921485       15.921 100 100 100
+2.547775111076843  0.015972409       15.972 100 100 100
+2.662159350118283  0.015659764       15.660 100 100 100
+3.079372051834703  0.015636353       15.636 100 100 100
+3.230221458106985  0.015647781       15.648 100 100 100
+3.719098078952973  0.015650027       15.650 100 100 100
+3.912282018493681  0.015637253       15.637 100 100 100
+4.488812958024456  0.015632205       15.632 100 100 100
+4.731624992228004  0.015973265       15.973 100 100 100
+5.414932914593430  0.015644049       15.644 100 100 100
+5.716241156775811  0.015658058       15.658 100 100 100
+6.529342354804802  0.015655975       15.656 100 100 100
+6.899795790748318  0.015653738       15.654 100 100 100
+7.870506892899543  0.015639423       15.639 100 100 100
+8.322786556906571  0.015667121       15.667 100 100 100
+9.484823448042578  0.015905607       15.906 100 100 100
+10.033935012240596  0.015664969       15.665 100 100 100
+11.428254910023213  0.015656141       15.656 100 100 100
+12.091861269842145  0.015628406       15.628 100 100 100
+13.768308403392998  0.015344978       15.345 100 100 100
+14.567100450303261  0.015059870       15.060 100 100 100
+16.586429319832153  0.014777310       14.777 100 100 100
+17.544531188884925  0.014578017       14.578 100 100 100
+19.980898981683787  0.014623626       14.624 100 100 100
+21.126300729413465  0.014139902       14.140 100 100 100
+24.070342807814740  0.013995237       13.995 100 100 100
+25.435348432212152  0.013891630       13.892 100 100 100
+28.997978982971460  0.013779040       13.779 100 100 100
+30.619650418699461  0.012988096       12.988 100 100 100
+34.936765829946573  0.012926439       12.926 100 100 100
+36.857333287626425  0.012902015       12.902 100 100 100
+42.095640497185798  0.013020577       13.021 100 100 100
+44.362835245949491  0.013720522       13.721 100 100 100
+50.727083607673087  0.013078050       13.078 100 100 100
+53.394329665088570  0.013071686       13.072 100 100 100
+61.136295894695280  0.013023075       13.023 100 100 100
+64.262670284753142  0.013014058       13.014 100 100 100
+73.692335702381072  0.013032350       13.032 100 100 100
+77.342170588733822  0.013052707       13.053 100 100 100
+88.841643174247977  0.012994867       12.995 100 100 100
+93.083594132800940  0.013251046       13.251 100 100 100
+107.124471224456713  0.013039634       13.040 100 100 100
+112.029810055584775  0.013011052       13.011 100 100 100
+129.194858976387707  0.012974648       12.975 100 100 100
+134.834661344597578  0.012977822       12.978 100 100 100
+155.844925195601320  0.015423332       15.423 100 100 100
+162.285705900965439  0.013590044       13.590 100 100 100
+188.034433442387666  0.012977589       12.978 100 100 100
+195.331625938440396  0.012907584       12.908 100 100 100
+226.926794778553187  0.013107993       13.108 100 100 100
+235.115264433067466  0.012872489       12.872 100 100 100
+273.932937245286212  0.012827035       12.827 100 100 100
+283.013443805408997  0.012848028       12.848 100 100 100
+330.764795592305518  0.012821562       12.822 100 100 100
+340.684958467883007  0.012835701       12.836 100 100 100
+399.500574289274255  0.012833079       12.833 100 100 100
+410.128417317941569  0.012836205       12.836 100 100 100
+482.664429581082572  0.012831201       12.831 100 100 100
+493.751954270213105  0.013099216       13.099 100 100 100
+583.323824498233421  0.012819503       12.820 100 100 100
+594.457235899813782  0.012819055       12.819 100 100 100
+705.208561964473574  0.012829944       12.830 100 100 100
+715.740688777390119  0.012857555       12.858 100 100 100
+852.856429888190519  0.012833479       12.833 100 100 100
+861.815461207428370  0.012817605       12.818 100 100 100
+1031.791541269898971  0.012810314       12.810 100 100 100
+1037.758343877760126  0.012808692       12.809 100 100 100
+1248.742875359876962  0.013094142       13.094 100 100 100
+1249.686723848298470  0.012847775       12.848 100 100 100
+1511.912289422111371  0.012837537       12.838 100 100 100
+1504.971662733606763  0.012825552       12.826 100 100 100
+1831.303457888439652  0.012821047       12.821 100 100 100
+1812.494403714938699  0.012840524       12.841 100 100 100
+2219.125910473343538  0.012851400       12.851 100 100 100
+2182.955059018745033  0.012859323       12.859 100 100 100
+2690.291712880798514  0.012859820       12.860 100 100 100
+2629.243951133982591  0.013070638       13.071 100 100 100
+3263.026525153205512  0.012857380       12.857 100 100 100
+3166.888124724252521  0.012846024       12.846 100 100 100
+3959.621986084841865  0.012847450       12.847 100 100 100
+3814.587965629362316  0.012844244       12.844 100 100 100
+4807.362860752244160  0.012817961       12.818 100 100 100
+4594.861718546970224  0.012788519       12.789 100 100 100
+5839.670468866841475  0.012820265       12.820 100 100 100
+5534.819051767271048  0.012838239       12.838 100 100 100
+7097.513980503264975  0.013102803       13.103 100 100 100
+6667.088746142581840  0.012821301       12.821 100 100 100
+8631.153718299970933  0.012815639       12.816 100 100 100
+8030.930159012432341  0.012816363       12.816 100 100 100
+10502.296261155413958  0.012829844       12.830 100 100 100
+9673.563403000453036  0.012831306       12.831 100 100 100
+12786.760678623537387  0.012829333       12.829 100 100 100
+11651.759247086483811  0.012839991       12.840 100 100 100
+15577.779606280586449  0.012839800       12.840 100 100 100
+14033.736637372614496  0.013085908       13.086 100 100 100
+18990.089310639716132  0.012849914       12.850 100 100 100
+16901.423458093158843  0.012822755       12.823 100 100 100
+23165.000899270096852  0.012814571       12.815 100 100 100
+20353.144664030725835  0.012820173       12.820 100 100 100
+28276.692293969357706  0.012811822       12.812 100 100 100
+24506.811078801467374  0.012794543       12.795 100 100 100
+34540.019854113197653  0.012828904       12.829 100 100 100
+29503.691698005051876  0.012827120       12.827 100 100 100
+42220.222543021409365  0.013047901       13.048 100 100 100
+35512.861785939494439  0.012794915       12.795 100 100 100
+51644.983916028249951  0.012765154       12.765 100 100 100
+42736.427632336490205  0.012784113       12.784 100 100 100
+63219.432500028815411  0.012818418       12.818 100 100 100
+51415.635327008516470  0.012821056       12.821 100 100 100
+77444.804939811583608  0.012824256       12.824 100 100 100
+61837.973472432531707  0.012831257       12.831 100 100 100
+94941.675544149256893  0.012800632       12.801 100 100 100
+74345.375647651715553  0.013074634       13.075 100 100 100
+116478.879132648798986  0.012835249       12.835 100 100 100
+89343.613651728199329  0.012819640       12.820 100 100 100
+143009.531887334305793  0.012809843       12.810 100 100 100
+107312.941291189898038  0.012844293       12.844 100 100 100
+175715.900145825988147  0.012780466       12.780 100 100 100
+128819.992420708789723  0.012801985       12.802 100 100 100
+216065.295465531729860  0.012823937       12.824 100 100 100
+154530.844273194001289  0.012833685       12.834 100 100 100
+265879.704926913429517  0.013074419       13.074 100 100 100
+185225.011099223338533  0.012820828       12.821 100 100 100
+327422.521540045505390  0.012819499       12.819 100 100 100
+221809.910237382253399  0.012807433       12.807 100 100 100
+403506.548298864974640  0.012809122       12.809 100 100 100
+265335.009960708848666  0.012818697       12.819 100 100 100
+497628.443499354296364  0.012822552       12.823 100 100 100
+317004.379690334899351  0.012804017       12.804 100 100 100
+614135.992553269490600  0.012783265       12.783 100 100 100
+378185.654204544436652  0.013112601       13.113 100 100 100
+758436.076615830417722  0.012823531       12.824 100 100 100
+450412.405010186193977  0.012818507       12.819 100 100 100
+937253.010405290639028  0.012807574       12.808 100 100 100
+535375.460194144980051  0.012781532       12.782 100 100 100
+1158949.094748908653855  0.012780023       12.780 100 100 100
+634896.657208060030825  0.012801750       12.802 100 100 100
+1433921.830217798240483  0.012814547       12.815 100 100 100
+750875.613707758369856  0.012806557       12.807 100 100 100
+1775095.321629049256444  0.013073168       13.073 100 100 100
+885196.031595988664776  0.012785790       12.786 100 100 100
+2198527.015360028017312  0.012793159       12.793 100 100 100
+1039572.355635092244484  0.012785434       12.785 100 100 100
+2724155.078112310729921  0.012789108       12.789 100 100 100
+1215309.665065678069368  0.012838222       12.838 100 100 100
+3376716.433938653208315  0.012801704       12.802 100 100 100
+1412938.622126708272845  0.012812959       12.813 100 100 100
+4186870.645638581365347  0.012782288       12.782 100 100 100
+1631671.946206622757018  0.013065969       13.066 100 100 100
+5192570.266028267331421  0.012835076       12.835 100 100 100
+1868607.587831452954561  0.012813788       12.814 100 100 100
+6440723.627513510175049  0.012823620       12.824 100 100 100
