+0.945022925310054  0.017613303       17.613 100 100 100
+1.191360817253026  0.018995361       18.995 100 100 100
+1.184568697939539  0.018944328       18.944 100 100 100
+1.437763455683713  0.016449438       16.449 100 100 100
+1.463043183363640  0.016415764       16.416 100 100 100
+1.740140421390756  0.016401499       16.401 100 100 100
+1.793600559822490  0.016404813       16.405 100 100 100
+2.106274827102638  0.016404971       16.405 100 100 100
+2.188698441105963  0.016674065       16.674 100 100 100
+2.547775111105632  0.016394265       16.394 100 100 100
+2.662159350084726  0.016400471       16.400 100 100 100
+3.079372051869594  0.016390091       16.390 100 100 100
+3.230221458069041  0.016398928       16.399 100 100 100
+3.719098078992682  0.016407400       16.407 100 100 100
+3.912282018453644  0.016425180       16.425 100 100 100
+4.488812958067049  0.016689391       16.689 100 100 100
+4.731624992189214  0.016424184       16.424 100 100 100
+5.414932914636125  0.016440345       16.440 100 100 100
+5.716241156743004  0.016391255       16.391 100 100 100
+6.529342354843704  0.016397278       16.397 100 100 100
+6.899795790728082  0.016396494       16.396 100 100 100
+7.870506892929298  0.016376499       16.376 100 100 100
+8.322786556907973  0.016403079       16.403 100 100 100
+9.484823448055938  0.016640627       16.641 100 100 100
+10.033935012275968  0.016378465       16.378 100 100 100
+11.428254910010478  0.016130245       16.130 100 100 100
+12.091861269928131  0.015298956       15.299 100 100 100
+13.768308403341305  0.015031379       15.031 100 100 100
+14.567100450462160  0.014793377       14.793 100 100 100
+16.586429319724598  0.014587749       14.588 100 100 100
+17.544531189146426  0.014436848       14.437 100 100 100
+19.980898981498314  0.014564165       14.564 100 100 100
+21.126300729816894  0.014296026       14.296 100 100 100
+24.070342807522774  0.014390246       14.390 100 100 100
+25.435348432809384  0.014318838       14.319 100 100 100
+28.997978982536214  0.014323832       14.324 100 100 100
+30.619650419558642  0.014293786       14.294 100 100 100
+34.936765829320912  0.014228401       14.228 100 100 100
+36.857333288836770  0.014249270       14.249 100 100 100
+42.095640496309720  0.014238115       14.238 100 100 100
+44.362835247627508  0.014513605       14.514 100 100 100
+50.727083606470572  0.014230365       14.230 100 100 100
+53.394329667386025  0.014244182       14.244 100 100 100
+61.136295893070475  0.014243013       14.243 100 100 100
+64.262670287867252  0.014215689       14.216 100 100 100
+73.692335700213746  0.014179223       14.179 100 100 100
+77.342170592920510  0.014243948       14.244 100 100 100
+88.841643171388156  0.014227864       14.228 100 100 100
+93.083594138391803  0.014450530       14.451 100 100 100
+107.124471220718192  0.014197183       14.197 100 100 100
+112.029810063008782  0.014233172       14.233 100 100 100
+129.194858971540611  0.014224804       14.225 100 100 100
+134.834661354409207  0.014189523       14.190 100 100 100
+155.844925189363607  0.014214078       14.214 100 100 100
+162.285705913880832  0.014231742       14.232 100 100 100
+188.034433434415519  0.014248712       14.249 100 100 100
+195.331625955383799  0.014213137       14.213 100 100 100
+226.926794768430597  0.017975377       17.975 100 100 100
+235.115264455231198  0.014423911       14.424 100 100 100
+273.932937232514007  0.014200442       14.200 100 100 100
+283.013443834330758  0.014223274       14.223 100 100 100
+330.764795576290737  0.014235029       14.235 100 100 100
+340.684958505545694  0.014204985       14.205 100 100 100
+399.500574269320964  0.014268724       14.269 100 100 100
+410.128417366902113  0.014264172       14.264 100 100 100
+482.664429556385699  0.014173359       14.173 100 100 100
+493.751954333769163  0.014417283       14.417 100 100 100
+583.323824467879376  0.014197826       14.198 100 100 100
+594.457235982220141  0.014248627       14.249 100 100 100
+705.208561927451683  0.014216927       14.217 100 100 100
+715.740688884138081  0.014162948       14.163 100 100 100
+852.856429843421324  0.014204806       14.205 100 100 100
+861.815461345609606  0.014190537       14.191 100 100 100
+1031.791541216290852  0.014208837       14.209 100 100 100
+1037.758344056539954  0.014174257       14.174 100 100 100
+1248.742875296424700  0.014439523       14.440 100 100 100
+1249.686724079532269  0.014271657       14.272 100 100 100
+1511.912289348055765  0.014154422       14.154 100 100 100
+1504.971663032642482  0.014175972       14.176 100 100 100
+1831.303457803521496  0.014185148       14.185 100 100 100
