+0.945022925310054  0.016899867       16.900 100 100 100
+1.191360817253026  0.015455062       15.455 100 100 100
+1.184568697939539  0.015314053       15.314 100 100 100
+1.437763455683713  0.017455206       17.455 100 100 100
+1.463043183363640  0.017625234       17.625 100 100 100
+1.740140421390756  0.015822514       15.823 100 100 100
+1.793600559822490  0.015477999       15.478 100 100 100
+2.106274827102638  0.015494907       15.495 100 100 100
+2.188698441105963  0.015525694       15.526 100 100 100
+2.547775111105632  0.015524513       15.525 100 100 100
+2.662159350084726  0.015513659       15.514 100 100 100
+3.079372051869594  0.015766543       15.767 100 100 100
+3.230221458069041  0.015544192       15.544 100 100 100
+3.719098078992682  0.015493731       15.494 100 100 100
+3.912282018453644  0.015503137       15.503 100 100 100
+4.488812958067049  0.015510221       15.510 100 100 100
+4.731624992189214  0.015500913       15.501 100 100 100
+5.414932914636125  0.015497110       15.497 100 100 100
+5.716241156743004  0.015495704       15.496 100 100 100
+6.529342354843704  0.015257929       15.258 100 100 100
+6.899795790728082  0.015068788       15.069 100 100 100
+7.870506892929298  0.015027419       15.027 100 100 100
+8.322786556907973  0.015059244       15.059 100 100 100
+9.484823448055938  0.015022604       15.023 100 100 100
+10.033935012275968  0.015018252       15.018 100 100 100
+11.428254910010478  0.015059093       15.059 100 100 100
+12.091861269928131  0.015040866       15.041 100 100 100
+13.768308403341305  0.015290933       15.291 100 100 100
+14.567100450462160  0.014978505       14.979 100 100 100
+16.586429319724598  0.015049936       15.050 100 100 100
+17.544531189146426  0.014995446       14.995 100 100 100
+19.980898981498314  0.015026981       15.027 100 100 100
+21.126300729816894  0.015049213       15.049 100 100 100
+24.070342807522774  0.015043248       15.043 100 100 100
+25.435348432809384  0.015065931       15.066 100 100 100
+28.997978982536214  0.015215487       15.215 100 100 100
+30.619650419558642  0.014797722       14.798 100 100 100
+34.936765829320912  0.014743159       14.743 100 100 100
+36.857333288836770  0.014597558       14.598 100 100 100
+42.095640496309720  0.014494220       14.494 100 100 100
+44.362835247627508  0.014373063       14.373 100 100 100
+50.727083606470572  0.014293078       14.293 100 100 100
+53.394329667386025  0.014283905       14.284 100 100 100
+61.136295893070475  0.014299161       14.299 100 100 100
+64.262670287867252  0.014231074       14.231 100 100 100
+73.692335700213746  0.014029265       14.029 100 100 100
+77.342170592920510  0.014011603       14.012 100 100 100
+88.841643171388156  0.013985496       13.985 100 100 100
+93.083594138391803  0.013967055       13.967 100 100 100
+107.124471220718192  0.013967381       13.967 100 100 100
+112.029810063008782  0.014002051       14.002 100 100 100
+129.194858971540611  0.014037904       14.038 100 100 100
+134.834661354409207  0.014000844       14.001 100 100 100
+155.844925189363607  0.014262230       14.262 100 100 100
+162.285705913880832  0.014002939       14.003 100 100 100
+188.034433434415519  0.014025497       14.025 100 100 100
+195.331625955383799  0.013971649       13.972 100 100 100
+226.926794768430597  0.013998378       13.998 100 100 100
+235.115264455231198  0.014034856       14.035 100 100 100
+273.932937232514007  0.014003197       14.003 100 100 100
