+0.945022925310054  0.015935842       15.936 100 100 100
+1.191360817253026  0.013427386       13.427 100 100 100
+1.184568697939539  0.010174673       10.175 100 100 100
+1.437763455683713  0.010060587       10.061 100 100 100
+1.463043183363640  0.010630737       10.631 100 100 100
+1.740140421390756  0.010844019       10.844 100 100 100
+1.793600559822490  0.010249670       10.250 100 100 100
+2.106274827102638  0.010238999       10.239 100 100 100
+2.188698441105963  0.010265578       10.266 100 100 100
+2.547775111105632  0.009941604        9.942 100 100 100
