+0.945022925310054  0.019659356       19.659 100 100 100
+1.191360817253026  0.017548240       17.548 100 100 100
+1.184568697939539  0.017356777       17.357 100 100 100
+1.437763455683713  0.020353723       20.354 100 100 100
+1.463043183363640  0.016932241       16.932 100 100 100
+1.740140421390756  0.017107423       17.107 100 100 100
+1.793600559822490  0.017080423       17.080 100 100 100
+2.106274827102638  0.017041293       17.041 100 100 100
+2.188698441105963  0.017059107       17.059 100 100 100
+2.547775111105632  0.017023952       17.024 100 100 100
+2.662159350084726  0.017339711       17.340 100 100 100
+3.079372051869594  0.017019342       17.019 100 100 100
+3.230221458069041  0.017021878       17.022 100 100 100
+3.719098078992682  0.016997552       16.998 100 100 100
+3.912282018453644  0.017010276       17.010 100 100 100
+4.488812958067049  0.016990559       16.991 100 100 100
+4.731624992189214  0.017011194       17.011 100 100 100
+5.414932914636125  0.017270340       17.270 100 100 100
+5.716241156743004  0.017035269       17.035 100 100 100
+6.529342354843704  0.017050651       17.051 100 100 100
+6.899795790728082  0.017017398       17.017 100 100 100
+7.870506892929298  0.017027865       17.028 100 100 100
+8.322786556907973  0.017022287       17.022 100 100 100
+9.484823448055938  0.017063049       17.063 100 100 100
+10.033935012275968  0.017292965       17.293 100 100 100
+11.428254910010478  0.017034888       17.035 100 100 100
+12.091861269928131  0.017074376       17.074 100 100 100
+13.768308403341305  0.017050964       17.051 100 100 100
+14.567100450462160  0.017047237       17.047 100 100 100
+16.586429319724598  0.017034308       17.034 100 100 100
+17.544531189146426  0.017009041       17.009 100 100 100
+19.980898981498314  0.017036543       17.037 100 100 100
+21.126300729816894  0.017293871       17.294 100 100 100
+24.070342807522774  0.016915605       16.916 100 100 100
+25.435348432809384  0.016676671       16.677 100 100 100
+28.997978982536214  0.016491574       16.492 100 100 100
+30.619650419558642  0.016301647       16.302 100 100 100
+34.936765829320912  0.016171087       16.171 100 100 100
+36.857333288836770  0.016098122       16.098 100 100 100
+42.095640496309720  0.016302649       16.303 100 100 100
