+0.945022925310054  0.066176159       66.176 100 100 100
+1.191360817253026  0.067325406       67.325 100 100 100
+1.184568697939539  0.052313399       52.313 100 100 100
+1.437763455683713  0.051580344       51.580 100 100 100
+1.463043183363640  0.051781321       51.781 100 100 100
+1.740140421390756  0.051556179       51.556 100 100 100
+1.793600559822490  0.051787618       51.788 100 100 100
+2.106274827102638  0.051527023       51.527 100 100 100
+2.188698441105963  0.051487319       51.487 100 100 100
+2.547775111105632  0.051824496       51.824 100 100 100
