+0.945022925310054  0.023647111       23.647 100 100 100
+1.191360817253026  0.021341540       21.342 100 100 100
+1.184568697939539  0.020432005       20.432 100 100 100
+1.437763455683713  0.020464805       20.465 100 100 100
+1.463043183363640  0.020522471       20.522 100 100 100
+1.740140421390756  0.020439709       20.440 100 100 100
+1.793600559822490  0.020240052       20.240 100 100 100
+2.106274827102638  0.020369107       20.369 100 100 100
+2.188698441105963  0.020258414       20.258 100 100 100
+2.547775111105632  0.020414455       20.414 100 100 100
+2.662159350084726  0.020167992       20.168 100 100 100
+3.079372051869594  0.020059179       20.059 100 100 100
+3.230221458069041  0.019343050       19.343 100 100 100
+3.719098078992682  0.019146459       19.146 100 100 100
+3.912282018453644  0.018970411       18.970 100 100 100
+4.488812958067049  0.018797305       18.797 100 100 100
+4.731624992189214  0.018809684       18.810 100 100 100
+5.414932914636125  0.019293458       19.293 100 100 100
+5.716241156743004  0.019677878       19.678 100 100 100
+6.529342354843704  0.019686797       19.687 100 100 100
+6.899795790728082  0.020023774       20.024 100 100 100
+7.870506892929298  0.020223923       20.224 100 100 100
+8.322786556907973  0.020390954       20.391 100 100 100
+9.484823448055938  0.020512193       20.512 100 100 100
+10.033935012275968  0.020363605       20.364 100 100 100
+11.428254910010478  0.020292465       20.292 100 100 100
+12.091861269928131  0.020353679       20.354 100 100 100
+13.768308403341305  0.020255554       20.256 100 100 100
+14.567100450462160  0.020321675       20.322 100 100 100
+16.586429319724598  0.020525542       20.526 100 100 100
