+0.945022925310054  0.056869457       56.869 100 100 100
+1.191360817253026  0.063138076       63.138 100 100 100
+1.184568697939539  0.055165134       55.165 100 100 100
+1.437763455683713  0.056232998       56.233 100 100 100
+1.463043183363640  0.057716511       57.717 100 100 100
+1.740140421390756  0.055637535       55.638 100 100 100
+1.793600559822490  0.056231091       56.231 100 100 100
+2.106274827102638  0.056088251       56.088 100 100 100
+2.188698441105963  0.056051316       56.051 100 100 100
+2.547775111105632  0.056580739       56.581 100 100 100
+2.662159350084726  0.056041745       56.042 100 100 100
+3.079372051869594  0.056495947       56.496 100 100 100
+3.230221458069041  0.055826442       55.826 100 100 100
+3.719098078992682  0.056106659       56.107 100 100 100
+3.912282018453644  0.060075897       60.076 100 100 100
+4.488812958067049  0.052703989       52.704 100 100 100
+4.731624992189214  0.051470802       51.471 100 100 100
+5.414932914636125  0.051572251       51.572 100 100 100
+5.716241156743004  0.051689832       51.690 100 100 100
+6.529342354843704  0.046163719       46.164 100 100 100
+6.899795790728082  0.048937531       48.938 100 100 100
+7.870506892929298  0.046598184       46.598 100 100 100
+8.322786556907973  0.046702553       46.703 100 100 100
+9.484823448055938  0.046787898       46.788 100 100 100
+10.033935012275968  0.046491991       46.492 100 100 100
+11.428254910010478  0.046429523       46.430 100 100 100
+12.091861269928131  0.046733963       46.734 100 100 100
+13.768308403341305  0.046321269       46.321 100 100 100
+14.567100450462160  0.046825900       46.826 100 100 100
+16.586429319724598  0.046701558       46.702 100 100 100
+17.544531189146426  0.046547194       46.547 100 100 100
+19.980898981498314  0.046839036       46.839 100 100 100
+21.126300729816894  0.046451911       46.452 100 100 100
+24.070342807522774  0.046759911       46.760 100 100 100
+25.435348432809384  0.046772257       46.772 100 100 100
+28.997978982536214  0.046493671       46.494 100 100 100
+30.619650419558642  0.047066761       47.067 100 100 100
+34.936765829320912  0.046880604       46.881 100 100 100
+36.857333288836770  0.047177946       47.178 100 100 100
+42.095640496309720  0.047435078       47.435 100 100 100
