+0.945022925310054  0.013567255       13.567 100 100 100
+1.191360817253026  0.012523167       12.523 100 100 100
+1.184568697939539  0.014124290       14.124 100 100 100
+1.437763455683713  0.013360760       13.361 100 100 100
+1.463043183363640  0.012991626       12.992 100 100 100
+1.740140421390756  0.014309658       14.310 100 100 100
+1.793600559822490  0.013484084       13.484 100 100 100
+2.106274827102638  0.013510447       13.510 100 100 100
+2.188698441105963  0.014599257       14.599 100 100 100
+2.547775111105632  0.013479538       13.480 100 100 100
