+0.945022925310054  0.060814750       60.815 100 100 100
+1.191360817253026  0.061305276       61.305 100 100 100
+1.184568697939539  0.060981984       60.982 100 100 100
+1.437763455683713  0.062290439       62.290 100 100 100
+1.463043183363640  0.063619731       63.620 100 100 100
+1.740140421390756  0.062466794       62.467 100 100 100
+1.793600559822490  0.058858094       58.858 100 100 100
+2.106274827102638  0.058749850       58.750 100 100 100
+2.188698441105963  0.058041115       58.041 100 100 100
+2.547775111105632  0.057673323       57.673 100 100 100
+2.662159350084726  0.058147722       58.148 100 100 100
+3.079372051869594  0.058674767       58.675 100 100 100
+3.230221458069041  0.058419921       58.420 100 100 100
+3.719098078992682  0.064281757       64.282 100 100 100
+3.912282018453644  0.061087887       61.088 100 100 100
+4.488812958067049  0.057755905       57.756 100 100 100
+4.731624992189214  0.057442176       57.442 100 100 100
+5.414932914636125  0.057596282       57.596 100 100 100
+5.716241156743004  0.057584501       57.585 100 100 100
+6.529342354843704  0.057956286       57.956 100 100 100
+6.899795790728082  0.057562578       57.563 100 100 100
+7.870506892929298  0.057859037       57.859 100 100 100
+8.322786556907973  0.057950910       57.951 100 100 100
+9.484823448055938  0.058011429       58.011 100 100 100
+10.033935012275968  0.058048187       58.048 100 100 100
+11.428254910010478  0.057797969       57.798 100 100 100
+12.091861269928131  0.057946505       57.947 100 100 100
+13.768308403341305  0.057860774       57.861 100 100 100
+14.567100450462160  0.058135777       58.136 100 100 100
+16.586429319724598  0.057605634       57.606 100 100 100
+17.544531189146426  0.058193283       58.193 100 100 100
+19.980898981498314  0.057970677       57.971 100 100 100
+21.126300729816894  0.058310744       58.311 100 100 100
+24.070342807522774  0.058025066       58.025 100 100 100
+25.435348432809384  0.058400164       58.400 100 100 100
+28.997978982536214  0.057948289       57.948 100 100 100
+30.619650419558642  0.058217855       58.218 100 100 100
+34.936765829320912  0.058235387       58.235 100 100 100
+36.857333288836770  0.058198537       58.199 100 100 100
+42.095640496309720  0.058101401       58.101 100 100 100
+44.362835247627508  0.058080440       58.080 100 100 100
+50.727083606470572  0.058117868       58.118 100 100 100
+53.394329667386025  0.058302316       58.302 100 100 100
+61.136295893070475  0.058216691       58.217 100 100 100
+64.262670287867252  0.057993548       57.994 100 100 100
+73.692335700213746  0.058746493       58.746 100 100 100
+77.342170592920510  0.058221900       58.222 100 100 100
+88.841643171388156  0.058299162       58.299 100 100 100
+93.083594138391803  0.058302414       58.302 100 100 100
+107.124471220718192  0.058630618       58.631 100 100 100
