+0.945022925310054  0.053143545       53.144 100 100 100
+1.191360817253026  0.054384088       54.384 100 100 100
+1.184568697939539  0.051719676       51.720 100 100 100
+1.437763455683713  0.052513379       52.513 100 100 100
+1.463043183363640  0.051217999       51.218 100 100 100
+1.740140421390756  0.051009826       51.010 100 100 100
+1.793600559822490  0.050899052       50.899 100 100 100
+2.106274827102638  0.054322341       54.322 100 100 100
+2.188698441105963  0.054769165       54.769 100 100 100
+2.547775111105632  0.053785514       53.786 100 100 100
+2.662159350084726  0.052966252       52.966 100 100 100
+3.079372051869594  0.052954049       52.954 100 100 100
+3.230221458069041  0.052472834       52.473 100 100 100
+3.719098078992682  0.052573035       52.573 100 100 100
+3.912282018453644  0.051623488       51.623 100 100 100
+4.488812958067049  0.056611637       56.612 100 100 100
+4.731624992189214  0.055311423       55.311 100 100 100
+5.414932914636125  0.054336324       54.336 100 100 100
+5.716241156743004  0.053796365       53.796 100 100 100
+6.529342354843704  0.055167861       55.168 100 100 100
+6.899795790728082  0.054490754       54.491 100 100 100
+7.870506892929298  0.057538711       57.539 100 100 100
+8.322786556907973  0.056604501       56.605 100 100 100
+9.484823448055938  0.057155771       57.156 100 100 100
+10.033935012275968  0.056854028       56.854 100 100 100
+11.428254910010478  0.054694862       54.695 100 100 100
+12.091861269928131  0.056711279       56.711 100 100 100
+13.768308403341305  0.055138975       55.139 100 100 100
+14.567100450462160  0.054792688       54.793 100 100 100
+16.586429319724598  0.054730050       54.730 100 100 100
+17.544531189146426  0.054883433       54.883 100 100 100
+19.980898981498314  0.052786814       52.787 100 100 100
+21.126300729816894  0.054431104       54.431 100 100 100
+24.070342807522774  0.054703304       54.703 100 100 100
+25.435348432809384  0.055831717       55.832 100 100 100
+28.997978982536214  0.053187756       53.188 100 100 100
+30.619650419558642  0.053135484       53.135 100 100 100
+34.936765829320912  0.053289116       53.289 100 100 100
+36.857333288836770  0.055844978       55.845 100 100 100
+42.095640496309720  0.071508171       71.508 100 100 100
+44.362835247627508  0.066758225       66.758 100 100 100
+50.727083606470572  0.055224819       55.225 100 100 100
+53.394329667386025  0.053697476       53.697 100 100 100
+61.136295893070475  0.052977712       52.978 100 100 100
+64.262670287867252  0.055193254       55.193 100 100 100
+73.692335700213746  0.054051746       54.052 100 100 100
+77.342170592920510  0.053596972       53.597 100 100 100
+88.841643171388156  0.055434770       55.435 100 100 100
+93.083594138391803  0.053554430       53.554 100 100 100
+107.124471220718192  0.053926272       53.926 100 100 100
+112.029810063008782  0.055485836       55.486 100 100 100
+129.194858971540611  0.053478235       53.478 100 100 100
+134.834661354409207  0.057293619       57.294 100 100 100
+155.844925189363607  0.053886087       53.886 100 100 100
+162.285705913880832  0.053212182       53.212 100 100 100
+188.034433434415519  0.053584242       53.584 100 100 100
+195.331625955383799  0.053936355       53.936 100 100 100
+226.926794768430597  0.053681790       53.682 100 100 100
+235.115264455231198  0.053751313       53.751 100 100 100
+273.932937232514007  0.053353347       53.353 100 100 100
+283.013443834330758  0.053314547       53.315 100 100 100
+330.764795576290737  0.054084142       54.084 100 100 100
+340.684958505545694  0.053891538       53.892 100 100 100
+399.500574269320964  0.053787575       53.788 100 100 100
+410.128417366902113  0.053594383       53.594 100 100 100
+482.664429556385699  0.053518071       53.518 100 100 100
+493.751954333769163  0.053868157       53.868 100 100 100
+583.323824467879376  0.053914047       53.914 100 100 100
+594.457235982220141  0.053761139       53.761 100 100 100
+705.208561927451683  0.053640649       53.641 100 100 100
+715.740688884138081  0.053792066       53.792 100 100 100
+852.856429843421324  0.052869371       52.869 100 100 100
+861.815461345609606  0.054138340       54.138 100 100 100
+1031.791541216290852  0.053680518       53.681 100 100 100
+1037.758344056539954  0.052620472       52.620 100 100 100
+1248.742875296424700  0.054163212       54.163 100 100 100
+1249.686724079532269  0.052693767       52.694 100 100 100
+1511.912289348055765  0.053938943       53.939 100 100 100
+1504.971663032642482  0.053045710       53.046 100 100 100
+1831.303457803521496  0.053667426       53.667 100 100 100
