+0.945022925310054  0.018241499       18.241 100 100 100
+1.191360817253026  0.016287193       16.287 100 100 100
+1.184568697939539  0.015872491       15.872 100 100 100
+1.437763455683713  0.015831366       15.831 100 100 100
+1.463043183363640  0.015799014       15.799 100 100 100
+1.740140421390756  0.015786064       15.786 100 100 100
+1.793600559822490  0.015826730       15.827 100 100 100
+2.106274827102638  0.015776259       15.776 100 100 100
+2.188698441105963  0.015793913       15.794 100 100 100
+2.547775111105632  0.016044612       16.045 100 100 100
+2.662159350084726  0.015780872       15.781 100 100 100
+3.079372051869594  0.015810133       15.810 100 100 100
+3.230221458069041  0.015862168       15.862 100 100 100
+3.719098078992682  0.015814940       15.815 100 100 100
+3.912282018453644  0.015832514       15.833 100 100 100
+4.488812958067049  0.015835477       15.835 100 100 100
+4.731624992189214  0.016128508       16.129 100 100 100
+5.414932914636125  0.015836622       15.837 100 100 100
+5.716241156743004  0.015839024       15.839 100 100 100
+6.529342354843704  0.015829994       15.830 100 100 100
+6.899795790728082  0.015832394       15.832 100 100 100
+7.870506892929298  0.015817486       15.817 100 100 100
+8.322786556907973  0.015823026       15.823 100 100 100
+9.484823448055938  0.015835803       15.836 100 100 100
+10.033935012275968  0.016070113       16.070 100 100 100
+11.428254910010478  0.015919173       15.919 100 100 100
+12.091861269928131  0.015823461       15.823 100 100 100
+13.768308403341305  0.015801435       15.801 100 100 100
+14.567100450462160  0.015846162       15.846 100 100 100
+16.586429319724598  0.015855929       15.856 100 100 100
+17.544531189146426  0.015673676       15.674 100 100 100
+19.980898981498314  0.015694270       15.694 100 100 100
+21.126300729816894  0.015129267       15.129 100 100 100
+24.070342807522774  0.014912363       14.912 100 100 100
+25.435348432809384  0.014735880       14.736 100 100 100
+28.997978982536214  0.014562994       14.563 100 100 100
+30.619650419558642  0.013650385       13.650 100 100 100
+34.936765829320912  0.013645906       13.646 100 100 100
+36.857333288836770  0.013624740       13.625 100 100 100
+42.095640496309720  0.013620123       13.620 100 100 100
+44.362835247627508  0.013852613       13.853 100 100 100
+50.727083606470572  0.013594318       13.594 100 100 100
+53.394329667386025  0.013593734       13.594 100 100 100
+61.136295893070475  0.013616456       13.616 100 100 100
+64.262670287867252  0.013696714       13.697 100 100 100
+73.692335700213746  0.013587506       13.588 100 100 100
+77.342170592920510  0.013625254       13.625 100 100 100
+88.841643171388156  0.013631496       13.631 100 100 100
+93.083594138391803  0.013866588       13.867 100 100 100
+107.124471220718192  0.013603888       13.604 100 100 100
+112.029810063008782  0.013607236       13.607 100 100 100
+129.194858971540611  0.013597698       13.598 100 100 100
+134.834661354409207  0.013570251       13.570 100 100 100
+155.844925189363607  0.013624505       13.625 100 100 100
+162.285705913880832  0.013606162       13.606 100 100 100
+188.034433434415519  0.013633112       13.633 100 100 100
+195.331625955383799  0.016400373       16.400 100 100 100
+226.926794768430597  0.013932371       13.932 100 100 100
+235.115264455231198  0.013613630       13.614 100 100 100
+273.932937232514007  0.013585897       13.586 100 100 100
+283.013443834330758  0.013604488       13.604 100 100 100
+330.764795576290737  0.013618076       13.618 100 100 100
+340.684958505545694  0.013631473       13.631 100 100 100
+399.500574269320964  0.013601489       13.601 100 100 100
+410.128417366902113  0.013602579       13.603 100 100 100
+482.664429556385699  0.013630988       13.631 100 100 100
+493.751954333769163  0.013834045       13.834 100 100 100
+583.323824467879376  0.013603161       13.603 100 100 100
+594.457235982220141  0.013615271       13.615 100 100 100
+705.208561927451683  0.013606750       13.607 100 100 100
+715.740688884138081  0.013579460       13.579 100 100 100
+852.856429843421324  0.013567660       13.568 100 100 100
+861.815461345609606  0.013610702       13.611 100 100 100
+1031.791541216290852  0.013608989       13.609 100 100 100
+1037.758344056539954  0.013741223       13.741 100 100 100
+1248.742875296424700  0.013583785       13.584 100 100 100
+1249.686724079532269  0.013611600       13.612 100 100 100
+1511.912289348055765  0.013601760       13.602 100 100 100
+1504.971663032642482  0.013586388       13.586 100 100 100
+1831.303457803521496  0.013576828       13.577 100 100 100
