+0.945022925310054  0.017488228       17.488 100 100 100
+1.191360817253026  0.016316945       16.317 100 100 100
+1.184568697939539  0.016061471       16.061 100 100 100
+1.437763455683713  0.017353034       17.353 100 100 100
+1.463043183363640  0.015859907       15.860 100 100 100
+1.740140421390756  0.015838765       15.839 100 100 100
+1.793600559822490  0.015800805       15.801 100 100 100
+2.106274827102638  0.015809210       15.809 100 100 100
+2.188698441105963  0.015801744       15.802 100 100 100
+2.547775111105632  0.015793120       15.793 100 100 100
+2.662159350084726  0.015805556       15.806 100 100 100
+3.079372051869594  0.016075697       16.076 100 100 100
+3.230221458069041  0.015788920       15.789 100 100 100
+3.719098078992682  0.015799948       15.800 100 100 100
+3.912282018453644  0.016138460       16.138 100 100 100
+4.488812958067049  0.015800231       15.800 100 100 100
+4.731624992189214  0.015790782       15.791 100 100 100
+5.414932914636125  0.015822012       15.822 100 100 100
+5.716241156743004  0.016090863       16.091 100 100 100
+6.529342354843704  0.015835117       15.835 100 100 100
+6.899795790728082  0.015770605       15.771 100 100 100
+7.870506892929298  0.015788864       15.789 100 100 100
+8.322786556907973  0.015771872       15.772 100 100 100
+9.484823448055938  0.015760244       15.760 100 100 100
+10.033935012275968  0.015741115       15.741 100 100 100
+11.428254910010478  0.015797779       15.798 100 100 100
+12.091861269928131  0.016062697       16.063 100 100 100
+13.768308403341305  0.015548988       15.549 100 100 100
+14.567100450462160  0.015244508       15.245 100 100 100
+16.586429319724598  0.015072994       15.073 100 100 100
+17.544531189146426  0.014826086       14.826 100 100 100
+19.980898981498314  0.014729590       14.730 100 100 100
+21.126300729816894  0.014579413       14.579 100 100 100
+24.070342807522774  0.014550947       14.551 100 100 100
+25.435348432809384  0.014653598       14.654 100 100 100
+28.997978982536214  0.014759835       14.760 100 100 100
+30.619650419558642  0.014523027       14.523 100 100 100
+34.936765829320912  0.014521816       14.522 100 100 100
+36.857333288836770  0.014530269       14.530 100 100 100
+42.095640496309720  0.014457318       14.457 100 100 100
+44.362835247627508  0.014448832       14.449 100 100 100
+50.727083606470572  0.014435681       14.436 100 100 100
+53.394329667386025  0.014290878       14.291 100 100 100
+61.136295893070475  0.013893278       13.893 100 100 100
+64.262670287867252  0.013667719       13.668 100 100 100
+73.692335700213746  0.013604921       13.605 100 100 100
+77.342170592920510  0.013635772       13.636 100 100 100
+88.841643171388156  0.013603889       13.604 100 100 100
+93.083594138391803  0.013616312       13.616 100 100 100
+107.124471220718192  0.013651099       13.651 100 100 100
+112.029810063008782  0.013685907       13.686 100 100 100
+129.194858971540611  0.013623678       13.624 100 100 100
+134.834661354409207  0.013906434       13.906 100 100 100
+155.844925189363607  0.014471757       14.472 100 100 100
+162.285705913880832  0.014402754       14.403 100 100 100
+188.034433434415519  0.014435487       14.435 100 100 100
+195.331625955383799  0.014404306       14.404 100 100 100
+226.926794768430597  0.014404744       14.405 100 100 100
+235.115264455231198  0.013679623       13.680 100 100 100
+273.932937232514007  0.016971955       16.972 100 100 100
+283.013443834330758  0.013824782       13.825 100 100 100
+330.764795576290737  0.013926751       13.927 100 100 100
+340.684958505545694  0.013671819       13.672 100 100 100
+399.500574269320964  0.013686237       13.686 100 100 100
+410.128417366902113  0.013660255       13.660 100 100 100
+482.664429556385699  0.013691185       13.691 100 100 100
+493.751954333769163  0.013697325       13.697 100 100 100
+583.323824467879376  0.013682220       13.682 100 100 100
+594.457235982220141  0.013675805       13.676 100 100 100
+705.208561927451683  0.013704784       13.705 100 100 100
