+0.945022925310054  0.024312338       24.312 100 100 100
+1.191360817253026  0.022349236       22.349 100 100 100
+1.184568697939539  0.022108373       22.108 100 100 100
+1.437763455683713  0.022055963       22.056 100 100 100
+1.463043183363640  0.021944103       21.944 100 100 100
+1.740140421390756  0.021074346       21.074 100 100 100
+1.793600559822490  0.018666885       18.667 100 100 100
+2.106274827102638  0.018156125       18.156 100 100 100
+2.188698441105963  0.018470614       18.471 100 100 100
+2.547775111105632  0.018051903       18.052 100 100 100
