+0.945022925310054  0.012286593       12.287 100 100 100
+1.191360817253026  0.010132499       10.132 100 100 100
+1.184568697939539  0.008936421        8.936 100 100 100
+1.437763455683713  0.009012355        9.012 100 100 100
+1.463043183363640  0.009176748        9.177 100 100 100
+1.740140421390756  0.008855850        8.856 100 100 100
+1.793600559822490  0.008359100        8.359 100 100 100
+2.106274827102638  0.008186432        8.186 100 100 100
+2.188698441105963  0.008905938        8.906 100 100 100
+2.547775111105632  0.008429468        8.429 100 100 100
