+0.945022925310054  0.030836727       30.837 100 100 100
+1.191360817253026  0.028999697       29.000 100 100 100
+1.184568697939539  0.028755119       28.755 100 100 100
+1.437763455683713  0.028342434       28.342 100 100 100
+1.463043183363640  0.028720433       28.720 100 100 100
+1.740140421390756  0.028208935       28.209 100 100 100
+1.793600559822490  0.028256466       28.256 100 100 100
+2.106274827102638  0.028086855       28.087 100 100 100
+2.188698441105963  0.027753308       27.753 100 100 100
+2.547775111105632  0.027128468       27.128 100 100 100
+2.662159350084726  0.026834696       26.835 100 100 100
+3.079372051869594  0.022937086       22.937 100 100 100
+3.230221458069041  0.022295831       22.296 100 100 100
+3.719098078992682  0.022460232       22.460 100 100 100
+3.912282018453644  0.022369888       22.370 100 100 100
+4.488812958067049  0.022137213       22.137 100 100 100
+4.731624992189214  0.022241928       22.242 100 100 100
+5.414932914636125  0.021993627       21.994 100 100 100
+5.716241156743004  0.022234781       22.235 100 100 100
+6.529342354843704  0.022422020       22.422 100 100 100
